[gd_scene load_steps=6 format=3 uid="uid://buwoxsiax72l2"]

[ext_resource type="PackedScene" uid="uid://cfra4br278mk1" path="res://character/character.tscn" id="1_777as"]
[ext_resource type="Script" path="res://character/src/demon.gd" id="2_1m8wi"]
[ext_resource type="Script" path="res://character/src/camera.gd" id="3_f72vf"]
[ext_resource type="PackedScene" uid="uid://clw5cob55rnyc" path="res://character/skull.tscn" id="4_jfmso"]
[ext_resource type="PackedScene" uid="uid://bkypndbjxjy75" path="res://character/dust.tscn" id="5_40md3"]

[node name="Demon" instance=ExtResource("1_777as")]
collision_layer = 2
script = ExtResource("2_1m8wi")

[node name="Skeleton3D" parent="Model/Armature" index="1"]
bones/0/scale = Vector3(1, 1, 1)
bones/1/rotation = Quaternion(0.00999398, -0.0167564, -0.816853, 0.576516)
bones/2/rotation = Quaternion(-0.0804411, 0.011787, -0.500127, 0.862127)
bones/2/scale = Vector3(1, 1, 1)
bones/3/rotation = Quaternion(0.0178728, -0.00763127, 0.185408, 0.982469)
bones/4/rotation = Quaternion(-0.0174367, 0.0064719, -0.0327916, 0.999289)
bones/4/scale = Vector3(1, 1, 1)
bones/6/rotation = Quaternion(0.00999398, 0.0167564, 0.816853, 0.576516)
bones/7/rotation = Quaternion(-0.0804411, -0.011787, 0.500127, 0.862127)
bones/8/rotation = Quaternion(0.0178728, 0.00763127, -0.185408, 0.982469)
bones/9/rotation = Quaternion(-0.0174367, -0.0064719, 0.0327916, 0.999289)
bones/10/position = Vector3(0, 0.721376, 0)
bones/11/rotation = Quaternion(-0.706746, 0.0424061, 0.0422969, 0.704927)
bones/12/rotation = Quaternion(0.0372392, 2.85554e-05, -0.120241, 0.992046)
bones/12/scale = Vector3(1, 1, 1)
bones/13/rotation = Quaternion(-0.000885818, -0.000999884, 0.660555, 0.750776)
bones/14/position = Vector3(0, 0.721376, 0)
bones/15/rotation = Quaternion(-0.706746, -0.0424061, -0.0422969, 0.704927)
bones/16/rotation = Quaternion(0.0372392, -2.85554e-05, 0.120241, 0.992046)
bones/17/rotation = Quaternion(-0.000885818, 0.000999884, -0.660555, 0.750776)

[node name="Hand" parent="Model/Armature/Skeleton3D/Body/Inventory" index="0"]
transform = Transform3D(1, 0, 0, 0, 1, 0, 0, 0, 1, 0, 0.3, -0.8)

[node name="Back" parent="Model/Armature/Skeleton3D/Body/Inventory" index="1"]
transform = Transform3D(0.989953, 0.0994224, 0.100544, -0.0750594, 0.972102, -0.222226, -0.119833, 0.212446, 0.969797, 0, 0.6, 0.7)

[node name="AnimationPlayer" parent="Model" index="1"]
autoplay = "Idle"

[node name="Camera3D" type="Camera3D" parent="." index="6"]
transform = Transform3D(1, 0, 0, 0, 0.707107, 0.707107, 0, -0.707107, 0.707107, 1.33401, 14.7341, 15.2552)
projection = 1
size = 10.0
script = ExtResource("3_f72vf")

[node name="Skull" parent="." index="7" instance=ExtResource("4_jfmso")]
transform = Transform3D(-0.7, 0, -6.11959e-08, 0, 0.7, 0, 6.11959e-08, 0, -0.7, 1, 2, 1.1)

[node name="Icosphere" parent="Skull" index="0"]
transform = Transform3D(0.991634, 0.00502439, 0.12898, 0.00414881, 0.997485, -0.0707543, -0.129011, 0.0706975, 0.98912, 0, 0, 0)

[node name="Swing" type="Timer" parent="." index="8"]

[node name="Dust" parent="." index="9" instance=ExtResource("5_40md3")]
transform = Transform3D(-1, 0, -8.74228e-08, 0, 1, 0, 8.74228e-08, 0, -1, 0, 0, 0.5)
emitting = false

[editable path="Model"]
[editable path="Skull"]
