[gd_resource type="SkeletonProfile" format=3 uid="uid://c7mfcas0kjt1j"]

[resource]
root_bone = &"Root"
group_size = 1
bone_size = 21
groups/0/group_name = &""
bones/0/bone_name = &"Root"
bones/0/bone_parent = &""
bones/0/tail_direction = 0
bones/0/reference_pose = Transform3D(-0.999953, -0.00772774, -0.00573989, -0.00788131, 0.999598, 0.027232, 0.00552714, 0.027276, -0.999613, 1.36245e-08, 0.971941, 0.0418133)
bones/0/handle_offset = Vector2(0.5, 0.465926)
bones/0/group = &""
bones/0/require = false
bones/1/bone_name = &"Neck"
bones/1/bone_parent = &"Root"
bones/1/tail_direction = 0
bones/1/reference_pose = Transform3D(0.999419, -0.0335615, -0.00587281, 0.0335849, 0.999428, 0.00393506, 0.00573739, -0.00413001, 0.999975, -5.23869e-10, 0.581452, 5.51881e-09)
bones/1/handle_offset = Vector2(0.497738, 0.173355)
bones/1/group = &""
bones/1/require = false
bones/2/bone_name = &"Head"
bones/2/bone_parent = &"Neck"
bones/2/tail_direction = 0
bones/2/reference_pose = Transform3D(0.999666, 0.0255302, -0.00412007, -0.0258603, 0.986256, -0.16319, -0.000102811, 0.163242, 0.986586, 3.69228e-09, 0.173754, 9.33468e-10)
bones/2/handle_offset = Vector2(0.5, 0.0859635)
bones/2/group = &""
bones/2/require = false
bones/3/bone_name = &"Collar_L"
bones/3/bone_parent = &"Root"
bones/3/tail_direction = 0
bones/3/reference_pose = Transform3D(-0.0055269, 0.971421, 0.2373, -0.0272761, -0.237361, 0.971038, 0.999613, -0.00110579, 0.0278084, -5.23869e-10, 0.581452, 5.51881e-09)
bones/3/handle_offset = Vector2(0.497738, 0.173355)
bones/3/group = &""
bones/3/require = false
bones/4/bone_name = &"Arm_L"
bones/4/bone_parent = &"Collar_L"
bones/4/tail_direction = 0
bones/4/reference_pose = Transform3D(0.798222, -0.075852, -0.597569, 0.413248, 0.790726, 0.451639, 0.438256, -0.607452, 0.662521, 7.80514e-09, 0.335388, -1.58296e-08)
bones/4/handle_offset = Vector2(0.334055, 0.21471)
bones/4/group = &""
bones/4/require = false
bones/5/bone_name = &"Forearm_l"
bones/5/bone_parent = &"Arm_L"
bones/5/tail_direction = 0
bones/5/reference_pose = Transform3D(0.981784, 0.187684, -0.0295895, -0.181736, 0.973047, 0.141958, 0.0554352, -0.133994, 0.98943, -2.23517e-08, 0.532712, 1.04308e-07)
bones/5/handle_offset = Vector2(0.168379, 0.424577)
bones/5/group = &""
bones/5/require = false
bones/6/bone_name = &"Hand_L"
bones/6/bone_parent = &"Forearm_l"
bones/6/tail_direction = 0
bones/6/reference_pose = Transform3D(0.976619, -0.135661, 0.166766, 0.12587, 0.989714, 0.0679923, -0.174275, -0.0454117, 0.983649, -2.79397e-08, 0.381698, -5.40167e-08)
bones/6/handle_offset = Vector2(0.05, 0.572914)
bones/6/group = &""
bones/6/require = false
bones/7/bone_name = &"Collar_R"
bones/7/bone_parent = &"Root"
bones/7/tail_direction = 0
bones/7/reference_pose = Transform3D(0.00552762, -0.96756, -0.252582, 0.0272761, -0.252346, 0.967252, -0.999613, -0.0122361, 0.0249963, -0.00898618, 0.581383, -5.15766e-05)
bones/7/handle_offset = Vector2(0.502262, 0.173355)
bones/7/group = &""
bones/7/require = false
bones/8/bone_name = &"Arm_R"
bones/8/bone_parent = &"Collar_R"
bones/8/tail_direction = 0
bones/8/reference_pose = Transform3D(0.798222, 0.0758521, 0.597568, -0.413248, 0.790727, 0.451639, -0.438255, -0.607452, 0.662521, -8.51664e-10, 0.335388, -1.57813e-08)
bones/8/handle_offset = Vector2(0.665944, 0.214709)
bones/8/group = &""
bones/8/require = false
bones/9/bone_name = &"Forearm_r"
bones/9/bone_parent = &"Arm_R"
bones/9/tail_direction = 0
bones/9/reference_pose = Transform3D(0.981784, -0.187684, 0.0295896, 0.181736, 0.973047, 0.141958, -0.0554354, -0.133994, 0.98943, -7.45058e-09, 0.532712, 1.86265e-07)
bones/9/handle_offset = Vector2(0.831621, 0.424577)
bones/9/group = &""
bones/9/require = false
bones/10/bone_name = &"Hand_R"
bones/10/bone_parent = &"Forearm_r"
bones/10/tail_direction = 0
bones/10/reference_pose = Transform3D(0.976619, 0.135661, -0.166766, -0.12587, 0.989714, 0.0679922, 0.174275, -0.0454116, 0.983649, 8.19564e-08, 0.381698, -8.9407e-08)
bones/10/handle_offset = Vector2(0.95, 0.572914)
bones/10/group = &""
bones/10/require = false
bones/11/bone_name = &"Pelvis_L"
bones/11/bone_parent = &"Root"
bones/11/tail_direction = 0
bones/11/reference_pose = Transform3D(-0.129886, 0.967041, 0.219002, -0.498696, -0.254617, 0.828536, 0.85699, -0.00160068, 0.515331, 0.000313632, -0.0397784, -0.00108368)
bones/11/handle_offset = Vector2(0.5, 0.485958)
bones/11/group = &""
bones/11/require = false
bones/12/bone_name = &"Thigh_L"
bones/12/bone_parent = &"Pelvis_L"
bones/12/tail_direction = 0
bones/12/reference_pose = Transform3D(-0.164748, 0.635127, -0.754633, 0.984665, 0.150423, -0.0883654, 0.0573909, -0.757618, -0.650169, -2.23517e-08, 0.20143, 6.33299e-08)
bones/12/handle_offset = Vector2(0.402152, 0.512542)
bones/12/group = &""
bones/12/require = false
bones/13/bone_name = &"Shin_L"
bones/13/bone_parent = &"Thigh_L"
bones/13/tail_direction = 0
bones/13/reference_pose = Transform3D(0.983595, 0.166634, -0.0690886, -0.177536, 0.826378, -0.534397, -0.0319556, 0.537896, 0.842406, -5.12227e-09, 0.476391, -1.67638e-08)
bones/13/handle_offset = Vector2(0.428448, 0.746916)
bones/13/group = &""
bones/13/require = false
bones/14/bone_name = &"Pelvis_R"
bones/14/bone_parent = &"Root"
bones/14/tail_direction = 0
bones/14/reference_pose = Transform3D(-0.127731, -0.962908, -0.237682, 0.496705, -0.269532, 0.825007, -0.858468, -0.0126789, 0.512709, 0.000313659, -0.0397784, -0.00108367)
bones/14/handle_offset = Vector2(0.5, 0.485958)
bones/14/group = &""
bones/14/require = false
bones/15/bone_name = &"Thigh_R"
bones/15/bone_parent = &"Pelvis_R"
bones/15/tail_direction = 0
bones/15/reference_pose = Transform3D(-0.164748, -0.635128, 0.754633, -0.984665, 0.150423, -0.0883653, -0.0573911, -0.757619, -0.65017, -1.86265e-09, 0.20143, 1.30385e-08)
bones/15/handle_offset = Vector2(0.597848, 0.512542)
bones/15/group = &""
bones/15/require = false
bones/16/bone_name = &"Shin_R"
bones/16/bone_parent = &"Thigh_R"
bones/16/tail_direction = 0
bones/16/reference_pose = Transform3D(0.983595, -0.166634, 0.0690888, 0.177536, 0.826378, -0.534397, 0.0319554, 0.537896, 0.842405, -5.58794e-09, 0.476391, 2.23517e-08)
bones/16/handle_offset = Vector2(0.571552, 0.746917)
bones/16/group = &""
bones/16/require = false
bones/17/bone_name = &"Heel_L"
bones/17/bone_parent = &""
bones/17/tail_direction = 0
bones/17/reference_pose = Transform3D(-0.992227, 0, 0.124439, 0.124439, 0, 0.992227, 0, 1, 0, -0.142144, 0.0817315, 0.09838)
bones/17/handle_offset = Vector2(0.428448, 0.914036)
bones/17/group = &""
bones/17/require = false
bones/18/bone_name = &"Foot_L"
bones/18/bone_parent = &"Heel_L"
bones/18/tail_direction = 0
bones/18/reference_pose = Transform3D(0.970576, -0.0542006, -0.234615, 0.0542006, -0.900159, 0.432176, -0.234615, -0.432176, -0.870735, 4.65661e-09, -7.45058e-09, -1.86265e-09)
bones/18/handle_offset = Vector2(0.428448, 0.914036)
bones/18/group = &""
bones/18/require = false
bones/19/bone_name = &"Heel_R"
bones/19/bone_parent = &""
bones/19/tail_direction = 0
bones/19/reference_pose = Transform3D(-0.992227, 0, -0.124439, -0.124439, 0, 0.992227, 0, 1, 0, 0.142144, 0.0817315, 0.09838)
bones/19/handle_offset = Vector2(0.571552, 0.914036)
bones/19/group = &""
bones/19/require = false
bones/20/bone_name = &"Foot_R"
bones/20/bone_parent = &"Heel_R"
bones/20/tail_direction = 0
bones/20/reference_pose = Transform3D(0.970576, 0.0542006, 0.234615, -0.0542006, -0.900159, 0.432176, 0.234615, -0.432176, -0.870735, -4.65661e-09, -7.45058e-09, -1.86265e-09)
bones/20/handle_offset = Vector2(0.571552, 0.914036)
bones/20/group = &""
bones/20/require = false
